    0.4280
    0.4273
    0.4273
    0.4273
    0.3927
    0.3927
    0.3927
    0.3927
    0.3927
    0.3927
    0.3927
    0.4852
    0.4852
    0.4852
    0.4612
    0.4612
    0.4612
    0.4612
    0.4612
    0.4612
    0.4612
    0.4612
    0.4612
    0.4597
    0.4597
    0.4597
    0.4597
    0.4717
    0.4717
    0.4717
    0.4717
    0.4660
    0.4660
    0.4660
    0.4660
    0.4660
    0.4955
    0.4955
    0.4955
    0.4955
    0.4955
    0.4955
    0.4955
    0.4955
    0.4955
    0.4955
    0.4955
    0.4955
    0.4955
    0.4955